======================================================================
GLS DF OPTIMIZATION — ORIENTATION VALUES LOG
======================================================================
Log started: 29-Apr-2026 13:21:25
Format: Generation | RMS_Ang_Error(deg) | K_vector=[theta1,rho1,...]
======================================================================

         1 |     0.884134 | [14.548,339.704,42.088,121.212,9.825,214.191,32.618,305.248,27.238,39.370]
         2 |     0.875439 | [15.548,339.704,42.088,122.212,9.825,214.191,33.618,305.248,27.238,39.370]
         3 |     0.869030 | [14.548,339.704,41.088,121.212,9.825,215.191,33.618,305.248,27.238,40.370]
         4 |     0.813363 | [0.371,152.443,41.088,122.212,31.202,247.190,33.618,340.854,28.238,41.370]
         5 |     0.736394 | [7.738,339.704,42.088,122.212,22.023,214.191,64.409,305.248,27.238,23.271]
         6 |     0.739180 | [7.738,339.704,42.088,121.212,22.023,214.191,33.618,305.248,27.238,40.370]
         7 |     0.708676 | [7.738,138.463,42.088,122.212,29.911,214.191,33.618,305.248,27.238,40.370]
         8 |     0.712318 | [8.738,122.805,41.088,139.193,31.202,214.191,33.618,305.248,29.238,40.370]
         9 |     0.705174 | [0.371,250.251,42.088,122.212,31.202,215.441,33.618,305.248,28.238,39.870]
        10 |     0.651251 | [12.596,138.463,43.088,122.212,24.066,214.191,33.618,305.248,28.238,39.370]
        11 |     0.655441 | [8.738,138.463,43.088,123.212,28.911,216.191,33.618,306.248,28.238,40.370]
        12 |     0.670706 | [7.738,138.463,43.088,121.462,31.202,215.191,33.618,305.248,28.238,41.370]
        13 |     0.660149 | [0.371,138.463,42.088,122.212,29.911,214.191,32.618,305.248,28.238,40.370]
        14 |     0.676965 | [9.393,339.704,42.088,122.212,30.911,216.191,33.118,312.264,28.238,40.370]
        15 |     0.649127 | [10.113,138.525,43.497,120.899,32.194,214.691,34.368,305.248,29.926,41.370]
        16 |     0.619730 | [0.371,310.510,43.497,122.212,32.694,215.191,32.618,305.810,26.988,41.370]
        17 |     0.660760 | [0.371,138.463,42.088,128.327,31.452,215.191,34.368,305.748,34.102,40.558]
        18 |     0.655552 | [0.371,340.704,30.994,121.212,31.452,215.191,33.118,306.248,28.738,41.370]
        19 |     0.656850 | [9.113,152.443,43.088,121.399,31.327,216.191,32.868,306.248,29.613,40.433]
        20 |     0.659057 | [0.871,137.963,42.338,129.827,32.194,214.191,32.868,305.498,29.613,43.620]
        21 |     0.650632 | [9.238,138.463,44.338,122.212,31.202,214.691,32.868,306.248,28.988,41.370]
        22 |     0.652774 | [1.121,138.463,43.588,130.077,31.202,214.691,33.618,305.248,30.738,41.120]
        23 |     0.669497 | [9.113,137.963,42.338,121.212,32.694,214.191,33.806,306.498,28.238,41.370]
        24 |     0.664384 | [9.238,137.963,41.088,121.212,29.411,214.191,33.806,306.498,29.238,40.370]
        25 |     0.662725 | [6.271,138.463,41.088,121.462,29.911,214.691,34.618,305.810,30.238,40.620]
        26 |     0.653930 | [0.371,341.204,43.088,122.962,32.327,215.191,33.868,305.248,27.738,40.870]
        27 |     0.660554 | [1.121,139.963,41.213,128.327,30.661,214.691,33.618,306.498,30.238,40.370]
        28 |     0.664454 | [7.926,153.131,42.338,129.827,32.702,216.378,33.618,306.498,32.020,42.308]
        29 |     0.656271 | [0.371,153.068,43.088,130.577,31.702,216.441,33.618,305.998,28.238,41.870]
        30 |     0.658204 | [1.121,137.963,41.088,121.274,31.099,214.753,34.368,305.248,30.238,41.620]
        31 |     0.674519 | [8.863,153.131,42.838,129.327,30.036,215.691,34.915,305.248,29.848,41.870]
        32 |     0.655642 | [0.496,140.025,42.338,130.452,30.661,217.691,33.618,305.248,30.676,40.995]
        33 |     0.627367 | [1.308,138.963,43.088,128.327,31.702,216.691,34.618,305.623,31.691,40.370]
        34 |     0.658357 | [0.371,153.068,41.088,128.827,29.911,214.753,34.493,305.935,29.738,41.870]
        35 |     0.665057 | [6.396,138.713,42.588,130.264,31.161,214.753,34.118,305.248,30.426,42.198]
        36 |     0.648517 | [0.371,139.713,43.135,129.327,32.327,214.753,34.868,307.045,27.238,40.370]
        37 |     0.651444 | [2.543,139.463,41.088,124.962,33.374,217.191,34.478,305.607,30.238,42.198]
        38 |     0.663602 | [1.121,153.631,41.088,130.452,30.474,214.753,34.618,305.810,27.926,42.198]
        39 |     0.650395 | [2.543,138.463,42.401,129.748,31.271,215.191,34.306,305.248,30.238,42.620]
        40 |     0.664074 | [1.371,138.775,41.088,130.264,31.286,217.691,33.872,306.060,29.895,41.870]
        41 |     0.643344 | [0.394,340.935,42.358,123.962,30.911,215.964,34.189,305.619,30.363,41.683]
        42 |     0.649007 | [1.316,138.525,42.744,130.202,31.161,216.191,33.618,305.498,30.676,40.495]
        43 |     0.639967 | [2.668,138.783,41.151,121.325,29.974,217.816,34.118,305.834,27.926,42.405]
        44 |     0.645314 | [1.949,138.736,41.127,129.346,32.161,217.316,34.306,305.748,31.078,42.198]
        45 |     0.659547 | [1.371,138.525,42.713,130.229,30.286,217.269,33.908,305.342,30.426,41.780]
        46 |     0.654739 | [1.121,140.025,41.588,128.936,33.374,215.003,34.306,307.795,31.691,41.768]
        47 |     0.662748 | [2.558,341.329,42.401,129.748,31.032,214.753,34.118,305.248,30.426,41.870]
        48 |     0.653173 | [0.433,153.232,41.143,129.670,32.523,216.464,35.315,304.763,31.020,41.896]
        49 |     0.632590 | [2.035,153.279,41.094,128.955,31.349,216.464,34.181,306.060,30.719,41.768]
        50 |     0.642245 | [1.121,138.736,42.713,129.077,31.577,217.316,34.173,306.107,31.078,41.753]
        51 |     0.638526 | [0.649,138.736,42.401,129.248,31.083,215.316,33.337,305.967,29.238,41.874]
        52 |     0.658222 | [1.480,340.778,41.108,128.955,30.989,217.284,33.956,307.049,30.719,41.768]
        53 |     0.646751 | [0.808,140.054,42.709,129.056,31.819,216.566,33.868,306.033,30.602,41.866]
        54 |     0.643789 | [0.433,139.354,41.151,128.401,30.224,217.284,34.585,305.748,30.289,41.870]
        55 |     0.649801 | [1.464,138.639,41.139,130.452,29.998,217.300,33.896,307.029,29.859,40.495]
        56 |     0.648099 | [0.445,153.318,42.718,129.795,29.954,214.761,35.366,306.123,31.062,41.870]
        57 |     0.651864 | [1.355,340.528,41.119,130.202,31.843,217.284,34.118,305.365,30.332,42.509]
        58 |     0.651904 | [0.371,139.369,41.651,130.291,31.185,217.409,34.462,305.623,31.284,42.276]
        59 |     0.650721 | [1.512,138.420,42.401,128.276,30.974,217.300,34.271,306.123,31.078,41.995]
        60 |     0.652016 | [0.371,139.354,42.713,130.354,31.032,217.175,34.533,306.141,30.348,42.120]
        61 |     0.660466 | [1.355,138.420,41.170,128.276,32.247,215.140,34.271,305.982,30.324,42.018]
        62 |     0.644815 | [2.058,138.420,41.170,128.424,32.247,216.308,34.271,305.982,30.352,40.409]
        63 |     0.652012 | [0.406,340.825,42.725,128.530,31.612,217.230,34.470,306.176,30.285,42.120]
        64 |     0.641335 | [1.183,138.580,41.170,130.498,32.267,215.140,35.119,305.982,30.324,42.058]
        65 |     0.656542 | [1.586,153.353,42.791,128.401,31.032,215.003,35.119,305.521,31.288,42.018]
        66 |     0.627994 | [1.577,153.353,41.341,128.276,32.317,218.042,34.271,306.970,31.062,41.956]
        67 |     0.649482 | [1.183,138.951,41.080,128.487,32.007,216.628,34.818,305.552,31.117,40.409]
        68 |     0.644645 | [2.113,139.385,42.823,129.741,32.290,216.347,34.425,306.283,30.613,42.775]
        69 |     0.651362 | [1.585,153.338,42.671,128.401,30.065,217.300,34.576,306.978,30.363,41.831]
        70 |     0.659442 | [1.585,153.353,42.791,128.401,32.185,216.628,34.568,306.997,31.288,40.409]
        71 |     0.646764 | [1.086,139.244,42.741,128.288,30.778,215.089,34.462,305.810,30.599,42.120]
        72 |     0.653396 | [0.430,138.955,41.614,130.215,31.134,216.273,34.235,305.766,30.320,42.044]
        73 |     0.639549 | [1.070,139.432,41.206,128.401,32.317,217.494,34.186,307.076,30.906,41.985]
        74 |     0.640118 | [1.535,153.318,41.311,128.276,32.296,216.628,34.425,305.468,31.288,42.120]
        75 |     0.646167 | [1.644,153.318,41.166,128.276,32.296,216.628,34.425,306.176,31.288,42.120]
        76 |     0.648100 | [1.653,138.666,42.793,128.288,31.909,217.533,34.470,306.176,30.577,42.120]
        77 |     0.657677 | [1.261,139.403,41.062,130.407,30.842,215.202,33.907,306.176,30.336,40.409]
        78 |     0.633203 | [1.567,138.666,41.198,130.045,31.909,218.048,34.583,305.842,30.320,42.415]
        79 |     0.659836 | [1.195,153.353,41.560,129.503,31.940,217.534,33.893,306.176,30.746,42.356]
        80 |     0.659679 | [0.402,153.669,41.560,129.503,31.940,217.534,33.893,306.176,30.746,41.892]
        81 |     0.655735 | [1.195,153.355,41.560,128.401,31.940,217.530,34.494,305.754,30.906,42.356]
        82 |     0.657288 | [1.217,139.252,41.346,129.503,32.169,217.347,34.271,306.176,31.117,42.509]
        83 |     0.643488 | [1.616,153.318,41.144,128.305,32.296,217.560,34.818,306.951,30.906,41.880]
        84 |     0.633703 | [1.541,138.994,41.709,128.444,31.033,215.756,34.470,305.647,30.386,42.510]
        85 |     0.639640 | [2.115,138.525,41.363,128.291,32.187,217.328,34.210,305.561,31.316,40.532]
        86 |     0.651671 | [1.567,138.666,41.560,129.497,31.940,215.154,34.468,305.701,30.610,40.569]
        87 |     0.641653 | [1.577,138.666,41.566,129.831,31.914,216.625,34.132,306.988,31.323,41.889]
        88 |     0.664464 | [1.499,139.267,41.703,129.498,31.641,216.628,34.544,306.332,30.320,40.481]
        89 |     0.642853 | [1.086,153.318,41.708,128.554,31.033,217.071,34.498,305.756,31.320,41.889]
        90 |     0.647101 | [1.233,153.318,41.706,129.741,31.910,217.341,34.213,305.824,30.330,40.431]
        91 |     0.644095 | [1.455,153.318,41.561,130.258,31.943,215.154,33.911,305.650,30.330,41.890]
        92 |     0.656400 | [1.569,138.530,41.363,130.260,32.175,215.209,34.471,306.180,31.292,40.446]
        93 |     0.636597 | [0.453,153.321,41.712,129.741,31.940,217.347,34.213,305.700,30.330,42.052]
        94 |     0.644398 | [1.591,153.357,42.681,130.053,32.283,216.709,34.503,306.179,30.407,42.358]
        95 |     0.650316 | [1.618,139.426,41.206,129.803,31.973,217.560,34.213,305.809,30.331,40.603]
        96 |     0.648033 | [1.618,139.426,41.206,129.509,32.190,217.071,34.213,305.809,30.331,40.603]
        97 |     0.632573 | [1.265,153.316,41.380,129.745,32.283,217.071,33.919,305.821,30.407,41.890]
        98 |     0.657850 | [1.578,138.902,41.563,129.744,31.039,217.569,34.137,305.851,31.125,40.437]
        99 |     0.647033 | [1.266,138.528,41.704,128.295,32.175,217.329,34.502,305.821,30.913,42.516]
       100 |     0.659892 | [1.578,139.428,41.207,129.741,31.039,217.569,34.217,305.851,31.125,40.412]
       101 |     0.648046 | [1.268,153.361,41.707,129.737,31.203,217.330,34.487,306.087,30.913,40.580]
       102 |     0.632192 | [0.454,138.528,41.179,129.748,31.957,217.345,34.502,305.821,30.893,42.516]
       103 |     0.655266 | [1.240,139.428,41.179,129.748,32.287,217.073,34.133,305.821,30.893,41.872]
       104 |     0.649903 | [1.588,153.679,41.210,129.744,32.175,217.574,34.151,305.843,30.345,40.445]
       105 |     0.649816 | [1.576,153.321,41.374,129.515,31.954,217.357,34.210,306.973,30.333,42.523]

======================================================================
OPTIMIZATION COMPLETED
======================================================================
Completion time: 29-Apr-2026 13:30:58
Total generations: 105
Final best RMS angular error: 0.649816°

FINAL OPTIMAL K_VECTOR: [1.576,153.321,41.374,129.515,31.954,217.357,34.210,306.973,30.333,42.523]
======================================================================
