
============================================================
GLS DF ORIENTATION OPTIMIZATION LOG
============================================================
Date: 29-Apr-2026 13:51:41
K = 5 orientations
Testbed: 605 positions
Room: 3x3 m, H_max=1.2 m, step=0.30 m
LED: Pt=0.405 W, Φ½=45°, m=2.00
PD: A=2.64e-05 m², FOV=85°
Noise: σ²=3.00e-14 W², N=1000 samples, M_MC=10 trials/pos
GA: pop=300, gen=150, parallel=6 workers
============================================================

Starting GA optimization for GLS DF (K=5)...

Single objective optimization:
10 Variables

Options:
CreationFcn:       @gacreationuniform
CrossoverFcn:      @crossoverscattered
SelectionFcn:      @selectionstochunif
MutationFcn:       @mutationadaptfeasible
GLS DF Monitor initialized. Log file: results\GLS_DF_optimization\orientation_log_GLS_DF_2026-04-29_13-52-20.txt

                                  Best           Mean      Stall
Generation      Func-count        f(x)           f(x)    Generations
    1              600           1.235           30.72        0
    2              900            1.01           19.41        0
    3             1200          0.8083           14.51        0
    4             1500           0.751            12.4        0
    5             1800          0.7678            11.1        1
    6             2100          0.7418           8.561        0
    7             2400           0.742           5.725        1
    8             2700          0.7373           3.711        0
    9             3000          0.7325           3.134        0
   10             3300          0.7267           2.176        0
   11             3600          0.7366           1.433        1
   12             3900          0.7322           1.004        0
   13             4200          0.7282           0.783        0
   14             4500          0.7372          0.7831        1
   15             4800          0.7285          0.7719        0
   16             5100          0.7265          0.7623        0
   17             5400          0.7318          0.7634        1
   18             5700          0.7207          0.7625        0
   19             6000          0.7247          0.7598        1
   20             6300           0.731          0.7595        2
   21             6600          0.7245          0.7595        0
   22             6900           0.731          0.7578        1
   23             7200          0.7259          0.7566        0
   24             7500          0.7207          0.7563        0
   25             7800          0.7239          0.7562        1
   26             8100          0.7175          0.7554        0
   27             8400          0.7224          0.7544        1
   28             8700           0.723          0.7549        2
   29             9000           0.727          0.7559        3
   30             9300          0.7235          0.7538        0

                                  Best           Mean      Stall
Generation      Func-count        f(x)           f(x)    Generations
   31             9600          0.7188          0.7538        0
   32             9900          0.7231          0.7524        1
   33            10200          0.7239          0.7522        2
   34            10500          0.7184          0.7514        0
   35            10800          0.7236          0.7512        1
   36            11100          0.7144          0.7505        0
   37            11400          0.7092          0.7488        0
   38            11700          0.7153          0.7468        1
   39            12000          0.7178          0.7499        2
   40            12300          0.7217          0.7473        3
   41            12600          0.7192          0.7468        0
   42            12900          0.7092          0.7447        0
   43            13200          0.7147          0.7454        1
   44            13500          0.7148          0.7447        2
   45            13800          0.7174           0.745        3
   46            14100          0.7141          0.7445        0
   47            14400          0.7146          0.7458        1
   48            14700          0.7173          0.7454        2
   49            15000          0.7144          0.7449        0
   50            15300          0.7163          0.7447        1
   51            15600           0.718          0.7446        2
   52            15900          0.7157          0.7442        0
   53            16200          0.7172          0.7446        1
   54            16500           0.714           0.743        0
   55            16800          0.7137          0.7437        0
   56            17100          0.7151           0.743        1
   57            17400          0.7171           0.744        2
   58            17700          0.7163          0.7434        0
   59            18000          0.7075          0.7438        0
   60            18300          0.7188          0.7453        1

                                  Best           Mean      Stall
Generation      Func-count        f(x)           f(x)    Generations
   61            18600           0.706          0.7421        0
   62            18900          0.7122          0.7446        1
   63            19200          0.7078           0.743        0
   64            19500          0.6982          0.7429        0
   65            19800          0.7134          0.7431        1
   66            20100          0.7088           0.743        0
   67            20400          0.7131          0.7435        1
   68            20700          0.7093          0.7434        0
   69            21000          0.7132          0.7437        1
   70            21300          0.7183          0.7452        2
   71            21600          0.7118          0.7446        0
   72            21900          0.7165          0.7437        1
   73            22200          0.7158          0.7437        0
   74            22500          0.7119           0.743        0
   75            22800          0.7137           0.743        1
   76            23100          0.7161          0.7428        2
   77            23400          0.7132          0.7422        0
   78            23700          0.7133          0.7438        1
   79            24000          0.7139          0.7436        2
   80            24300          0.7108          0.7428        0
   81            24600          0.7037          0.7428        0
   82            24900          0.7167          0.7439        1
   83            25200          0.7141          0.7426        0
   84            25500           0.716          0.7418        1
   85            25800          0.7121          0.7413        0
   86            26100          0.7128          0.7431        1
   87            26400            0.71          0.7431        0
   88            26700          0.7155          0.7416        1
   89            27000           0.709          0.7435        0
   90            27300          0.7106          0.7426        1

                                  Best           Mean      Stall
Generation      Func-count        f(x)           f(x)    Generations
   91            27600          0.7106          0.7419        0
   92            27900          0.7117          0.7423        1
   93            28200          0.7071          0.7421        0
   94            28500          0.7122          0.7415        1
   95            28800          0.7083          0.7425        0
   96            29100          0.7043          0.7412        0
   97            29400          0.7085          0.7428        1
   98            29700          0.7141          0.7421        2
   99            30000          0.7123          0.7417        0
  100            30300          0.7072          0.7424        0
  101            30600          0.7137          0.7416        1
  102            30900          0.7108          0.7423        0
  103            31200          0.7075           0.743        0
  104            31500          0.7172          0.7416        1
  105            31800          0.7062           0.742        0
  106            32100          0.7139          0.7428        1
  107            32400           0.719          0.7416        2
  108            32700          0.7131          0.7409        0
  109            33000          0.7098          0.7412        0
  110            33300           0.714          0.7414        1
  111            33600          0.7128          0.7417        0
  112            33900          0.7087          0.7428        0
  113            34200          0.7119          0.7425        1
  114            34500          0.7118          0.7429        0
  115            34800          0.7132          0.7416        1
  116            35100          0.7168          0.7421        2
  117            35400          0.7101          0.7423        0
  118            35700          0.7123          0.7419        1
  119            36000          0.7141          0.7413        2
  120            36300          0.7061          0.7421        0

                                  Best           Mean      Stall
Generation      Func-count        f(x)           f(x)    Generations
  121            36600          0.7031          0.7414        0
  122            36900          0.7096          0.7421        1
  123            37200          0.7152          0.7421        2
  124            37500           0.711          0.7406        0
  125            37800           0.716          0.7413        1
  126            38100           0.709          0.7414        0
  127            38400          0.7142          0.7421        1
  128            38700          0.6984          0.7409        0
  129            39000          0.7134          0.7408        1
  130            39300            0.71           0.742        0
  131            39600          0.7097          0.7413        0
  132            39900          0.7094          0.7413        0
  133            40200          0.7111          0.7411        1
  134            40500          0.7121          0.7407        2
  135            40800          0.7034           0.741        0
  136            41100          0.7147          0.7421        1
  137            41400          0.7099          0.7404        0
  138            41700          0.7011           0.742        0
  139            42000          0.7157          0.7407        1
  140            42300          0.7111          0.7414        0
  141            42600          0.7144          0.7398        1
  142            42900          0.7096          0.7413        0
  143            43200          0.7103          0.7413        1
  144            43500          0.7131          0.7416        2
  145            43800          0.7115          0.7417        0
  146            44100          0.7112           0.742        0
  147            44400          0.7107          0.7407        0
  148            44700          0.7063           0.739        0
  149            45000          0.7099          0.7412        1
  150            45300          0.7119          0.7418        2
ga stopped because it exceeded options.MaxGenerations.

=== GLS DF Optimization Complete ===
Final best RMS angular error: 0.7119°
Total generations: 150

Optimal LED orientations (GLS DF-optimized):
LED 1: θ = 7.93°, ρ = 290.28°
LED 2: θ = 31.06°, ρ = 126.22°
LED 3: θ = 33.95°, ρ = 216.95°
LED 4: θ = 34.11°, ρ = 307.43°
LED 5: θ = 31.53°, ρ = 39.43°
Log saved to: results\GLS_DF_optimization\orientation_log_GLS_DF_2026-04-29_13-52-20.txt

--------------------------------------------------
GLS DF OPTIMIZATION RESULTS FOR K = 5
--------------------------------------------------
Execution time: 6158.96 seconds (102.6 min)
Best RMS angular error: 0.7119°
Exit flag: 0

Optimal LED orientations (GLS DF-optimized):
  LED 1: θ =   7.93°, ρ = 290.28° → n_t = [ 0.048, -0.129, -0.990]
  LED 2: θ =  31.06°, ρ = 126.22° → n_t = [-0.305,  0.416, -0.857]
  LED 3: θ =  33.95°, ρ = 216.95° → n_t = [-0.446, -0.336, -0.829]
  LED 4: θ =  34.11°, ρ = 307.43° → n_t = [ 0.341, -0.445, -0.828]
  LED 5: θ =  31.53°, ρ =  39.43° → n_t = [ 0.404,  0.332, -0.852]

Orientation vector (copy-paste ready):
orientations_GLS_DF_K5 = [7.93,290.28,31.06,126.22,33.95,216.95,34.11,307.43,31.53,39.43];

Optimization completed at: 29-Apr-2026 15:34:21
