======================================================================
NL OPTIMIZATION - ORIENTATION VALUES LOG
======================================================================
Log started: 24-Sep-2025 16:29:21
Format: Generation | RMS_Error | K_vector=[theta1,rho1,theta2,rho2,...]
======================================================================

         1 |  0.042838 | [19.482,324.978,20.977,176.364,8.622,87.426,7.506,237.940,14.169,280.863]
         2 |  0.041505 | [20.087,176.131,17.740,180.170,20.858,67.918,31.577,276.850,24.104,17.441]
         3 |  0.033893 | [21.087,176.131,17.740,180.170,21.858,68.918,31.577,275.850,24.104,18.441]
         4 |  0.031629 | [21.087,176.131,17.740,180.170,21.858,68.918,31.577,275.850,24.104,18.441]
         5 |  0.028918 | [19.482,336.244,1.232,177.903,22.858,69.918,32.577,275.850,24.104,174.683]
         6 |  0.027961 | [21.087,176.131,17.740,83.374,21.858,68.918,28.738,275.850,24.104,18.441]
         7 |  0.029197 | [19.482,336.244,1.232,177.903,22.858,69.918,32.577,275.850,24.104,173.683]
         8 |  0.026783 | [18.482,336.244,18.740,181.170,21.858,69.918,31.577,274.850,16.169,18.441]
         9 |  0.026560 | [21.087,337.244,28.479,177.903,22.530,69.918,30.738,275.850,24.104,175.683]
        10 |  0.028081 | [18.482,336.244,1.232,177.903,22.858,67.918,31.577,274.850,24.104,174.683]
        11 |  0.025837 | [19.482,337.244,29.479,180.170,21.530,88.676,30.238,275.850,24.104,242.450]
        12 |  0.026517 | [20.087,336.244,29.479,180.420,21.858,95.362,31.577,274.850,24.104,18.441]
        13 |  0.025609 | [19.482,176.131,29.479,180.420,22.858,97.862,29.738,274.850,24.104,18.441]
        14 |  0.025378 | [20.087,336.244,29.479,180.420,21.858,95.362,31.577,274.850,24.104,18.441]
        15 |  0.026872 | [20.087,336.244,30.479,180.170,22.030,95.362,31.577,274.850,24.104,18.441]
        16 |  0.025856 | [21.087,338.244,29.479,180.170,23.108,69.918,30.238,274.850,24.104,242.450]
        17 |  0.025617 | [21.087,337.244,30.479,181.170,23.530,97.862,30.738,274.850,24.104,18.441]
        18 |  0.024889 | [21.587,336.244,29.479,181.170,22.030,87.926,29.738,274.850,24.104,18.441]
        19 |  0.026005 | [22.087,336.244,31.479,182.170,24.530,97.862,30.738,274.850,24.104,18.441]
        20 |  0.024256 | [22.087,336.244,31.479,181.170,23.108,94.362,31.238,274.850,24.104,18.441]
        21 |  0.024873 | [21.087,336.244,29.479,180.420,24.530,99.362,31.577,274.850,24.104,18.441]
        22 |  0.024756 | [21.587,336.244,29.479,180.420,24.530,98.362,29.738,274.850,24.104,18.441]
        23 |  0.025011 | [20.087,336.244,32.479,182.170,21.530,95.362,29.738,274.850,24.104,17.441]
        24 |  0.024721 | [20.087,336.244,32.479,182.170,21.530,95.362,29.738,274.850,24.104,17.441]
        25 |  0.025266 | [20.087,336.244,30.729,181.170,21.030,97.862,31.577,274.850,24.104,18.441]
        26 |  0.025008 | [21.587,337.244,30.479,181.420,24.530,99.362,30.738,276.850,26.354,245.450]
        27 |  0.025037 | [21.087,339.244,31.479,181.170,23.108,98.362,29.738,274.850,24.104,19.441]
        28 |  0.025666 | [22.087,339.244,31.479,181.170,23.108,88.926,29.738,275.850,24.104,19.441]
        29 |  0.024942 | [21.587,339.244,31.479,181.420,24.608,87.926,30.238,275.350,25.604,242.950]
        30 |  0.023475 | [21.087,336.244,30.229,181.170,20.530,99.862,30.238,275.850,24.104,242.950]
        31 |  0.024853 | [20.837,338.244,29.479,182.670,24.530,99.362,30.738,274.850,24.104,18.441]
        32 |  0.023955 | [20.837,338.244,30.479,182.670,25.030,100.112,30.738,274.850,24.104,18.441]
        33 |  0.024897 | [20.837,337.244,30.479,183.670,25.030,100.112,30.738,274.850,25.104,18.441]
        34 |  0.023223 | [20.087,339.244,32.479,180.545,23.296,99.612,29.738,276.850,24.354,19.441]
        35 |  0.024531 | [22.087,337.994,30.229,181.170,23.296,99.362,30.238,275.850,23.604,18.691]
        36 |  0.026170 | [21.837,337.244,30.479,182.670,23.108,100.112,30.738,274.850,26.104,18.441]
        37 |  0.024329 | [21.587,339.244,30.479,181.920,24.592,99.362,29.738,275.850,25.104,242.950]
        38 |  0.024942 | [22.087,338.244,32.479,182.670,23.108,99.612,30.238,274.850,24.104,19.441]
        39 |  0.025431 | [20.837,339.494,30.729,181.420,20.530,99.362,30.738,275.850,24.104,17.441]
        40 |  0.024055 | [22.087,338.244,30.729,182.670,23.421,99.362,30.738,274.850,24.104,19.691]
        41 |  0.023518 | [22.087,339.244,30.229,180.920,25.108,99.362,29.738,275.350,24.104,242.950]
        42 |  0.023919 | [22.587,339.494,30.229,181.420,25.108,99.862,29.238,275.350,24.104,242.950]
        43 |  0.024810 | [20.837,339.244,31.729,180.920,23.108,99.862,29.738,275.850,24.104,19.441]
        44 |  0.024845 | [21.587,337.994,30.104,182.670,25.030,100.175,29.738,274.600,23.604,19.691]
        45 |  0.024538 | [20.587,339.244,31.729,181.420,20.530,99.362,30.738,275.850,24.104,19.441]
        46 |  0.024540 | [21.774,339.244,30.104,182.670,25.030,99.362,29.738,274.850,23.604,18.941]
        47 |  0.024018 | [20.864,339.299,30.729,182.670,23.421,99.862,29.738,274.960,24.104,18.476]
        48 |  0.025369 | [20.837,337.556,31.729,181.420,23.796,99.362,30.238,275.850,23.604,18.441]
        49 |  0.023537 | [20.864,339.299,30.604,182.670,23.421,99.862,29.738,274.897,24.104,18.785]
        50 |  0.025115 | [22.399,336.431,30.979,182.904,24.030,99.874,30.848,275.475,23.202,17.504]
        51 |  0.024213 | [21.587,339.306,30.604,182.670,24.623,99.612,29.738,274.850,24.104,17.441]
        52 |  0.024659 | [20.864,339.244,30.604,182.795,23.421,99.862,29.738,274.850,24.116,242.997]
        53 |  0.024217 | [22.399,339.244,30.979,182.904,23.421,99.874,30.738,274.850,24.116,17.441]
        54 |  0.024855 | [21.716,336.681,31.729,182.904,24.030,98.987,30.848,275.475,23.604,17.504]
        55 |  0.024930 | [21.634,339.244,30.635,181.099,24.623,99.940,29.918,274.901,24.120,17.441]
        56 |  0.023158 | [20.618,339.408,30.729,182.670,24.561,98.987,29.785,274.960,23.604,17.453]
        57 |  0.024144 | [22.399,339.244,30.901,182.826,23.147,99.893,30.848,274.850,24.116,18.441]
        58 |  0.023659 | [20.942,336.681,30.783,182.904,23.108,98.987,29.918,274.921,23.202,17.441]
        59 |  0.025137 | [20.618,336.681,30.901,182.826,24.561,99.893,29.785,274.850,24.128,17.464]
        60 |  0.022649 | [21.997,339.432,30.783,182.639,24.563,99.874,30.856,274.879,24.143,19.757]
        61 |  0.025104 | [21.587,339.236,30.783,182.639,24.563,99.874,30.856,274.850,24.143,17.464]
        62 |  0.024785 | [22.015,339.439,30.784,182.974,25.244,99.650,30.868,275.462,23.651,19.787]
        63 |  0.024086 | [21.587,339.236,30.783,182.639,25.123,99.874,29.836,274.850,23.643,17.464]
        64 |  0.023914 | [21.593,337.497,30.783,182.946,23.108,99.624,30.868,274.875,23.651,17.504]
        65 |  0.025438 | [22.501,336.681,30.783,182.639,25.123,99.737,30.773,274.850,24.128,17.504]
        66 |  0.024206 | [22.462,336.681,31.014,183.071,24.657,99.686,29.910,275.524,24.206,17.379]
        67 |  0.022808 | [20.618,336.681,31.014,182.974,23.433,99.686,29.910,274.848,24.206,17.379]
        68 |  0.024874 | [20.618,339.439,30.631,182.639,23.433,99.686,30.773,274.913,23.651,17.504]

======================================================================
OPTIMIZATION COMPLETED
======================================================================
Completion time: 24-Sep-2025 20:46:22
Total generations: 68
Final best RMS error: 0.024874 m

FINAL OPTIMAL K_VECTOR: [20.618,339.439,30.631,182.639,23.433,99.686,30.773,274.913,23.651,17.504]
======================================================================
