
==================================
Iniciando optimización para 8 orientaciones
==================================


Single objective optimization:
16 Variables

Options:
CreationFcn:       @gacreationuniform
CrossoverFcn:      @crossoverscattered
SelectionFcn:      @selectionstochunif
MutationFcn:       @mutationadaptfeasible

                                  Best           Mean      Stall
Generation      Func-count        f(x)           f(x)    Generations
    1              300          0.2123          0.4807        0
    2              450          0.1924          0.4086        0
    3              600          0.1829          0.3427        0
    4              750          0.1767           0.292        0
    5              900          0.1733          0.2566        0
    6             1050          0.1618          0.2357        0
    7             1200          0.1613          0.2215        0
    8             1350          0.1573          0.2012        0
    9             1500          0.1585           0.188        1
   10             1650           0.159          0.1815        2
   11             1800          0.1551          0.1779        0
   12             1950           0.153          0.1726        0
   13             2100           0.153          0.1707        1
   14             2250           0.149          0.1668        0
   15             2400          0.1468          0.1646        0
   16             2550          0.1453            0.16        0
   17             2700          0.1435          0.1577        0
   18             2850           0.142          0.1554        0
   19             3000           0.142          0.1528        1
   20             3150          0.1408          0.1512        0
   21             3300          0.1382            0.15        0
   22             3450          0.1388           0.149        1
   23             3600          0.1387          0.1478        0
   24             3750          0.1383          0.1464        0
   25             3900          0.1384          0.1461        1
   26             4050          0.1369          0.1456        0
   27             4200          0.1365          0.1457        0
   28             4350          0.1373           0.145        1
   29             4500          0.1361           0.144        0
   30             4650          0.1368           0.144        1

                                  Best           Mean      Stall
Generation      Func-count        f(x)           f(x)    Generations
   31             4800          0.1343          0.1429        0
   32             4950          0.1371          0.1435        1
   33             5100          0.1349          0.1426        0
   34             5250          0.1365          0.1426        1
   35             5400          0.1342          0.1418        0
   36             5550          0.1356          0.1419        1
   37             5700          0.1365          0.1421        2
   38             5850          0.1349          0.1418        0
   39             6000           0.136          0.1413        1
   40             6150          0.1345          0.1415        0
   41             6300          0.1339           0.141        0
   42             6450          0.1359          0.1411        1
   43             6600          0.1348          0.1408        0
   44             6750          0.1334          0.1403        0
   45             6900          0.1354          0.1405        1
   46             7050          0.1326          0.1403        0
   47             7200          0.1351          0.1405        1
   48             7350          0.1352          0.1402        2
   49             7500          0.1339          0.1401        0
   50             7650          0.1341          0.1395        1
   51             7800          0.1342          0.1394        2
   52             7950          0.1344          0.1393        3
   53             8100          0.1331          0.1389        0
   54             8250          0.1331          0.1388        1
   55             8400          0.1328          0.1385        0
   56             8550          0.1332          0.1384        1
   57             8700          0.1337          0.1386        2
   58             8850          0.1319          0.1381        0
   59             9000          0.1329          0.1383        1
   60             9150          0.1321           0.138        0

                                  Best           Mean      Stall
Generation      Func-count        f(x)           f(x)    Generations
   61             9300          0.1324          0.1377        1
   62             9450          0.1328          0.1379        2
   63             9600          0.1323          0.1376        0
   64             9750          0.1331          0.1375        1
   65             9900          0.1327          0.1376        0
   66            10050          0.1317          0.1377        0
   67            10200          0.1314          0.1377        0
   68            10350          0.1326          0.1378        1
   69            10500          0.1322          0.1376        0
   70            10650          0.1324          0.1374        1
   71            10800          0.1327          0.1375        2
   72            10950          0.1323          0.1376        0
   73            11100          0.1332          0.1376        1
   74            11250          0.1332          0.1373        0
   75            11400          0.1321          0.1371        0
   76            11550          0.1325          0.1371        1
   77            11700          0.1319          0.1372        0
   78            11850          0.1326           0.137        1
   79            12000          0.1322          0.1372        0
   80            12150          0.1323           0.137        1
   81            12300          0.1328          0.1371        2
   82            12450          0.1313          0.1369        0
   83            12600          0.1321          0.1371        1
   84            12750          0.1313          0.1371        0
   85            12900          0.1321          0.1372        1
   86            13050          0.1309          0.1371        0
   87            13200          0.1285          0.1369        0
   88            13350          0.1322           0.137        1
   89            13500          0.1313          0.1372        0
   90            13650          0.1317          0.1369        1

                                  Best           Mean      Stall
Generation      Func-count        f(x)           f(x)    Generations
   91            13800          0.1326          0.1369        2
   92            13950          0.1289          0.1369        0
   93            14100          0.1323          0.1368        1
   94            14250          0.1321          0.1373        0
   95            14400          0.1319          0.1371        0
   96            14550          0.1312          0.1373        0
   97            14700          0.1317          0.1369        1
   98            14850          0.1326          0.1371        2
   99            15000          0.1324           0.137        0
  100            15150          0.1313          0.1372        0
  101            15300          0.1313           0.137        1
  102            15450          0.1318          0.1368        2
  103            15600          0.1311          0.1373        0
  104            15750          0.1318          0.1369        1
  105            15900          0.1312          0.1369        0
  106            16050          0.1316          0.1369        1
  107            16200          0.1328          0.1371        2
  108            16350          0.1317           0.137        0
  109            16500          0.1327          0.1369        1
  110            16650          0.1317          0.1366        0
  111            16800          0.1308           0.137        0
  112            16950          0.1318          0.1371        1
  113            17100          0.1312          0.1372        0
  114            17250           0.132          0.1368        1
  115            17400          0.1319           0.137        0
  116            17550          0.1325          0.1368        1
  117            17700          0.1318          0.1369        0
  118            17850          0.1323          0.1369        1
  119            18000          0.1316          0.1369        0
  120            18150          0.1323          0.1372        1

                                  Best           Mean      Stall
Generation      Func-count        f(x)           f(x)    Generations
  121            18300          0.1317          0.1371        0
  122            18450          0.1321          0.1373        1
  123            18600          0.1325          0.1368        2
  124            18750          0.1315          0.1368        0
  125            18900          0.1322           0.137        1
  126            19050           0.133          0.1372        2
  127            19200          0.1314           0.137        0
  128            19350          0.1317          0.1372        1
  129            19500          0.1315           0.137        0
  130            19650           0.131          0.1369        0
  131            19800          0.1318          0.1369        1
  132            19950          0.1329          0.1369        2
  133            20100           0.131          0.1369        0
  134            20250          0.1325          0.1369        1
  135            20400          0.1318          0.1367        0
  136            20550          0.1297          0.1365        0
  137            20700          0.1317          0.1368        1
  138            20850          0.1312          0.1367        0
  139            21000          0.1299          0.1369        0
  140            21150          0.1315          0.1368        1
  141            21300          0.1315          0.1368        2
  142            21450          0.1311          0.1368        0
  143            21600          0.1309          0.1367        0
  144            21750          0.1312          0.1367        1
  145            21900          0.1307          0.1368        0
  146            22050          0.1312          0.1367        1
ga stopped because the average change in the fitness value is less than options.FunctionTolerance.

Optimización completada para 8 orientaciones
Tiempo de ejecución: 9274.69 segundos
Mejor RMSE encontrado: 0.1312 metros

Orientaciones óptimas:
Orientación 1: theta = 1.77°, rho = 209.50°
Orientación 2: theta = 10.16°, rho = 357.51°
Orientación 3: theta = 59.99°, rho = 286.60°
Orientación 4: theta = 49.61°, rho = 142.07°
Orientación 5: theta = 49.00°, rho = 344.08°
Orientación 6: theta = 52.96°, rho = 154.40°
Orientación 7: theta = 59.90°, rho = 358.40°
Orientación 8: theta = 16.76°, rho = 330.69°
Figura "Evolución de Ángulos" guardada
Figura "Orientación 3D" guardada
Figura "Genetic Algorithm" guardada
