
==================================
Iniciando optimización para 5 orientaciones
==================================


Single objective optimization:
10 Variables

Options:
CreationFcn:       @gacreationuniform
CrossoverFcn:      @crossoverscattered
SelectionFcn:      @selectionstochunif
MutationFcn:       @mutationadaptfeasible

                                  Best           Mean      Stall
Generation      Func-count        f(x)           f(x)    Generations
    1              300          0.1356          0.6966        0
    2              450          0.1304           0.561        0
    3              600          0.1282          0.4444        0
    4              750          0.1236          0.3484        0
    5              900          0.1235          0.2664        0
    6             1050          0.1222          0.2077        0
    7             1200          0.1218          0.1781        0
    8             1350          0.1187          0.1493        0
    9             1500          0.1211          0.1377        1
   10             1650          0.1196          0.1298        0
   11             1800          0.1192          0.1294        0
   12             1950           0.118          0.1283        0
   13             2100          0.1164          0.1276        0
   14             2250          0.1177           0.126        1
   15             2400          0.1174          0.1261        0
   16             2550          0.1153          0.1253        0
   17             2700          0.1158          0.1249        1
   18             2850          0.1157          0.1246        0
   19             3000          0.1173          0.1245        1
   20             3150           0.116          0.1243        0
   21             3300          0.1159           0.124        0
   22             3450          0.1157          0.1238        0
   23             3600          0.1144           0.124        0
   24             3750          0.1148          0.1237        1
   25             3900           0.115          0.1235        2
   26             4050          0.1166          0.1235        3
   27             4200          0.1155          0.1235        0
   28             4350          0.1159           0.123        1
   29             4500          0.1151          0.1233        0
   30             4650          0.1131          0.1235        0

                                  Best           Mean      Stall
Generation      Func-count        f(x)           f(x)    Generations
   31             4800          0.1149          0.1228        1
   32             4950          0.1112          0.1226        0
   33             5100          0.1158           0.123        1
   34             5250          0.1133          0.1225        0
   35             5400          0.1139          0.1227        1
   36             5550          0.1151          0.1228        2
   37             5700          0.1157          0.1231        3
   38             5850          0.1161          0.1232        4
   39             6000          0.1133          0.1226        0
   40             6150          0.1139          0.1227        1
   41             6300          0.1132          0.1224        0
   42             6450          0.1115          0.1217        0
   43             6600           0.115          0.1225        1
   44             6750          0.1114          0.1223        0
   45             6900          0.1122           0.122        1
   46             7050          0.1143          0.1226        2
   47             7200          0.1147          0.1222        3
   48             7350          0.1138           0.122        0
   49             7500          0.1121          0.1221        0
   50             7650          0.1128           0.122        1
   51             7800          0.1139          0.1217        2
   52             7950          0.1143          0.1225        3
   53             8100          0.1134          0.1215        0
   54             8250          0.1152          0.1225        1
   55             8400          0.1136          0.1221        0
   56             8550          0.1142           0.122        1
   57             8700          0.1134          0.1218        0
   58             8850          0.1156          0.1216        1
   59             9000          0.1135          0.1214        0
   60             9150          0.1133          0.1213        0

                                  Best           Mean      Stall
Generation      Func-count        f(x)           f(x)    Generations
   61             9300          0.1121          0.1214        0
   62             9450          0.1125          0.1218        1
   63             9600          0.1129          0.1216        2
   64             9750          0.1136          0.1219        3
   65             9900           0.114          0.1221        4
   66            10050          0.1135          0.1219        0
   67            10200          0.1144          0.1212        1
   68            10350          0.1118          0.1223        0
   69            10500          0.1145           0.121        1
   70            10650          0.1126          0.1217        0
   71            10800           0.112          0.1212        0
   72            10950          0.1123          0.1217        1
   73            11100          0.1139          0.1213        2
   74            11250          0.1123          0.1212        0
   75            11400          0.1109          0.1213        0
   76            11550           0.113          0.1215        1
   77            11700          0.1144          0.1215        2
   78            11850          0.1113          0.1213        0
   79            12000          0.1127          0.1209        1
   80            12150          0.1122          0.1214        0
   81            12300          0.1134          0.1215        1
   82            12450          0.1135          0.1209        2
   83            12600          0.1107          0.1214        0
   84            12750          0.1131          0.1215        1
   85            12900          0.1108          0.1211        0
   86            13050          0.1117          0.1208        1
   87            13200          0.1143          0.1216        2
   88            13350          0.1099          0.1215        0
   89            13500           0.113          0.1214        1
   90            13650          0.1128          0.1217        0

                                  Best           Mean      Stall
Generation      Func-count        f(x)           f(x)    Generations
   91            13800          0.1136          0.1215        1
   92            13950          0.1114          0.1211        0
   93            14100          0.1102          0.1208        0
   94            14250          0.1116          0.1213        1
   95            14400          0.1134          0.1213        2
   96            14550          0.1125          0.1208        0
   97            14700          0.1134          0.1212        1
   98            14850           0.112          0.1215        0
   99            15000          0.1117          0.1216        0
  100            15150          0.1131           0.121        1
  101            15300          0.1104          0.1211        0
  102            15450          0.1097          0.1211        0
  103            15600          0.1151          0.1217        1
  104            15750          0.1113          0.1213        0
  105            15900           0.113          0.1214        1
  106            16050          0.1125          0.1211        0
  107            16200          0.1126          0.1216        1
  108            16350          0.1118           0.121        0
  109            16500          0.1132           0.121        1
  110            16650          0.1139          0.1215        2
  111            16800          0.1138          0.1212        0
  112            16950          0.1113          0.1214        0
  113            17100          0.1135           0.121        1
  114            17250          0.1124          0.1206        0
  115            17400          0.1134          0.1211        1
  116            17550          0.1111          0.1211        0
  117            17700          0.1131          0.1213        1
  118            17850          0.1115          0.1212        0
  119            18000          0.1119          0.1211        1
  120            18150          0.1116          0.1208        0

                                  Best           Mean      Stall
Generation      Func-count        f(x)           f(x)    Generations
  121            18300          0.1109          0.1211        0
  122            18450          0.1117          0.1212        1
  123            18600          0.1089          0.1214        0
  124            18750          0.1113          0.1213        1
  125            18900          0.1134          0.1215        2
  126            19050          0.1129          0.1211        0
  127            19200          0.1126          0.1212        0
  128            19350          0.1125          0.1208        0
  129            19500          0.1126          0.1211        1
  130            19650          0.1116           0.121        0
  131            19800          0.1121          0.1211        1
  132            19950          0.1132          0.1213        2
  133            20100          0.1129          0.1212        0
  134            20250          0.1105          0.1208        0
  135            20400           0.114          0.1211        1
  136            20550          0.1111          0.1213        0
  137            20700           0.113          0.1208        1
  138            20850           0.115          0.1211        2
  139            21000          0.1116          0.1213        0
  140            21150          0.1127          0.1211        1
  141            21300          0.1129          0.1211        2
  142            21450          0.1113           0.121        0
ga stopped because the average change in the fitness value is less than options.FunctionTolerance.

Optimización completada para 5 orientaciones
Tiempo de ejecución: 5661.05 segundos
Mejor RMSE encontrado: 0.1113 metros

Orientaciones óptimas:
Orientación 1: theta = 4.88°, rho = 237.26°
Orientación 2: theta = 6.42°, rho = 242.70°
Orientación 3: theta = 2.61°, rho = 3.61°
Orientación 4: theta = 8.25°, rho = 246.47°
Orientación 5: theta = 6.61°, rho = 148.10°
Figura "Evolución de Ángulos" guardada
Figura "Orientación 3D" guardada
Figura "Genetic Algorithm" guardada
