
==================================
Iniciando optimización para 10 orientaciones
==================================


Single objective optimization:
20 Variables

Options:
CreationFcn:       @gacreationuniform
CrossoverFcn:      @crossoverscattered
SelectionFcn:      @selectionstochunif
MutationFcn:       @mutationadaptfeasible

                                  Best           Mean      Stall
Generation      Func-count        f(x)           f(x)    Generations
    1              300          0.2763          0.6132        0
    2              450          0.2674          0.5446        0
    3              600          0.2452          0.4766        0
    4              750           0.226          0.4235        0
    5              900          0.1917          0.3604        0
    6             1050          0.1506          0.3246        0
    7             1200          0.1512          0.2794        1
    8             1350           0.143          0.2346        0
    9             1500          0.1398          0.2166        0
   10             1650          0.1341          0.1887        0
   11             1800          0.1318          0.1746        0
   12             1950          0.1281          0.1628        0
   13             2100          0.1245          0.1504        0
   14             2250          0.1267          0.1454        1
   15             2400          0.1245          0.1397        0
   16             2550          0.1237          0.1366        0
   17             2700          0.1244          0.1332        1
   18             2850           0.123          0.1324        0
   19             3000          0.1231          0.1315        1
   20             3150          0.1246          0.1313        2
   21             3300          0.1224          0.1307        0
   22             3450          0.1235          0.1297        1
   23             3600          0.1218          0.1292        0
   24             3750          0.1225          0.1295        1
   25             3900          0.1209          0.1287        0
   26             4050          0.1214          0.1291        1
   27             4200          0.1219          0.1289        2
   28             4350           0.121          0.1288        0
   29             4500           0.121          0.1289        1
   30             4650          0.1202          0.1283        0

                                  Best           Mean      Stall
Generation      Func-count        f(x)           f(x)    Generations
   31             4800          0.1209          0.1285        1
   32             4950          0.1215          0.1284        2
   33             5100          0.1199          0.1284        0
   34             5250          0.1204          0.1286        1
   35             5400          0.1194          0.1281        0
   36             5550          0.1168          0.1277        0
   37             5700          0.1187          0.1279        1
   38             5850          0.1204          0.1277        2
   39             6000           0.119          0.1279        0
   40             6150          0.1202          0.1281        1
   41             6300          0.1197          0.1279        0
   42             6450          0.1156          0.1278        0
   43             6600          0.1202          0.1283        1
   44             6750          0.1212          0.1278        2
   45             6900          0.1206          0.1281        0
   46             7050          0.1196          0.1281        0
   47             7200            0.12           0.128        1
   48             7350          0.1195          0.1279        0
   49             7500          0.1202          0.1277        1
   50             7650          0.1215          0.1283        2
   51             7800          0.1211           0.128        0
   52             7950          0.1201           0.128        0
   53             8100          0.1215           0.128        1
   54             8250          0.1207          0.1278        0
   55             8400          0.1205          0.1281        0
   56             8550          0.1198          0.1281        0
   57             8700           0.122          0.1277        1
   58             8850          0.1189          0.1278        0
   59             9000          0.1205          0.1278        1
   60             9150          0.1218          0.1287        2

                                  Best           Mean      Stall
Generation      Func-count        f(x)           f(x)    Generations
   61             9300          0.1193          0.1285        0
   62             9450          0.1212          0.1281        1
   63             9600          0.1218          0.1284        2
   64             9750          0.1209          0.1283        0
   65             9900          0.1208          0.1279        0
   66            10050          0.1197          0.1281        0
   67            10200          0.1195          0.1279        0
   68            10350          0.1213          0.1279        1
   69            10500          0.1199          0.1279        0
   70            10650          0.1212          0.1281        1
   71            10800          0.1199          0.1283        0
   72            10950          0.1205          0.1283        1
   73            11100          0.1213          0.1282        2
   74            11250           0.119          0.1282        0
   75            11400          0.1208          0.1279        1
   76            11550          0.1203           0.128        0
   77            11700          0.1196          0.1277        0
   78            11850          0.1188          0.1275        0
   79            12000          0.1222          0.1284        1
   80            12150          0.1217          0.1279        0
   81            12300          0.1208           0.128        0
   82            12450          0.1195          0.1279        0
   83            12600          0.1188          0.1284        0
   84            12750          0.1214          0.1283        1
   85            12900          0.1201          0.1279        0
   86            13050          0.1202           0.128        1
   87            13200          0.1208          0.1276        2
   88            13350          0.1213          0.1274        3
   89            13500          0.1181          0.1276        0
   90            13650          0.1181          0.1273        1

                                  Best           Mean      Stall
Generation      Func-count        f(x)           f(x)    Generations
   91            13800          0.1192          0.1273        2
   92            13950          0.1185          0.1278        0
   93            14100          0.1193          0.1273        1
   94            14250          0.1178          0.1269        0
   95            14400          0.1204          0.1269        1
   96            14550          0.1208          0.1272        2
   97            14700          0.1169          0.1261        0
   98            14850          0.1179          0.1264        1
   99            15000          0.1172          0.1265        0
  100            15150          0.1182          0.1264        1
  101            15300           0.118          0.1265        0
  102            15450          0.1177          0.1268        0
  103            15600          0.1206          0.1265        1
  104            15750          0.1167          0.1262        0
  105            15900          0.1187          0.1265        1
  106            16050          0.1194          0.1269        2
  107            16200          0.1186          0.1266        0
  108            16350          0.1194          0.1263        1
  109            16500          0.1186          0.1269        0
  110            16650            0.12          0.1265        1
  111            16800          0.1194          0.1263        0
  112            16950          0.1196          0.1264        1
  113            17100          0.1194          0.1261        0
  114            17250          0.1193          0.1262        0
  115            17400          0.1179           0.127        0
  116            17550          0.1179          0.1263        0
  117            17700           0.119          0.1264        1
  118            17850          0.1174          0.1264        0
  119            18000          0.1193          0.1262        1
  120            18150          0.1198          0.1264        2

                                  Best           Mean      Stall
Generation      Func-count        f(x)           f(x)    Generations
  121            18300          0.1167          0.1266        0
  122            18450          0.1189          0.1265        1
  123            18600          0.1194          0.1265        2
  124            18750          0.1193          0.1263        0
  125            18900          0.1169          0.1265        0
  126            19050          0.1179          0.1262        1
  127            19200          0.1197          0.1264        2
  128            19350          0.1196          0.1265        0
  129            19500          0.1189          0.1263        0
  130            19650          0.1204          0.1266        1
  131            19800          0.1184          0.1261        0
  132            19950          0.1168          0.1266        0
  133            20100          0.1184          0.1267        1
  134            20250          0.1169          0.1266        0
  135            20400          0.1184          0.1269        1
  136            20550          0.1201          0.1269        2
  137            20700          0.1197           0.127        0
  138            20850          0.1172          0.1263        0
  139            21000          0.1189          0.1268        1
  140            21150          0.1213          0.1266        2
  141            21300          0.1198          0.1264        0
  142            21450          0.1184          0.1264        0
  143            21600          0.1196          0.1264        1
  144            21750          0.1198          0.1271        2
  145            21900          0.1189          0.1262        0
  146            22050          0.1191          0.1265        1
  147            22200          0.1194          0.1269        2
  148            22350          0.1193          0.1264        0
  149            22500          0.1183          0.1271        0
  150            22650          0.1207          0.1272        1

                                  Best           Mean      Stall
Generation      Func-count        f(x)           f(x)    Generations
  151            22800          0.1196          0.1266        0
  152            22950          0.1195          0.1265        0
  153            23100          0.1186          0.1265        0
  154            23250          0.1185          0.1265        0
  155            23400          0.1193          0.1265        1
  156            23550          0.1188          0.1265        0
  157            23700          0.1171          0.1271        0
  158            23850          0.1189          0.1267        1
  159            24000          0.1198          0.1272        2
  160            24150           0.119          0.1265        0
  161            24300          0.1203          0.1268        1
  162            24450          0.1178          0.1266        0
  163            24600          0.1183          0.1269        1
  164            24750          0.1166          0.1262        0
  165            24900          0.1189          0.1269        1
  166            25050          0.1197          0.1264        2
  167            25200          0.1175          0.1267        0
  168            25350          0.1197          0.1268        1
  169            25500          0.1189          0.1263        0
  170            25650          0.1169          0.1268        0
  171            25800          0.1187          0.1264        1
  172            25950          0.1194          0.1266        2
  173            26100          0.1175          0.1263        0
  174            26250          0.1181          0.1268        1
  175            26400          0.1199          0.1268        2
  176            26550          0.1198          0.1263        0
  177            26700          0.1185          0.1261        0
  178            26850           0.118           0.126        0
  179            27000          0.1176          0.1261        0
  180            27150          0.1185          0.1263        1

                                  Best           Mean      Stall
Generation      Func-count        f(x)           f(x)    Generations
  181            27300          0.1189          0.1261        2
  182            27450          0.1188           0.126        0
  183            27600          0.1178          0.1263        0
  184            27750          0.1176          0.1261        0
  185            27900          0.1167           0.126        0
  186            28050          0.1172           0.126        1
  187            28200          0.1169          0.1266        0
  188            28350          0.1191          0.1262        1
  189            28500          0.1182          0.1259        0
  190            28650          0.1138          0.1266        0
  191            28800          0.1183          0.1265        1
  192            28950          0.1186          0.1261        2
  193            29100          0.1168          0.1263        0
  194            29250          0.1178          0.1262        1
  195            29400          0.1185          0.1257        2
  196            29550          0.1174          0.1259        0
  197            29700          0.1188          0.1259        1
  198            29850          0.1193          0.1261        2
ga stopped because the average change in the fitness value is less than options.FunctionTolerance.

Optimización completada para 10 orientaciones
Tiempo de ejecución: 15533.65 segundos
Mejor RMSE encontrado: 0.1193 metros

Orientaciones óptimas:
Orientación 1: theta = 7.49°, rho = 84.95°
Orientación 2: theta = 3.96°, rho = 359.89°
Orientación 3: theta = 4.63°, rho = 219.82°
Orientación 4: theta = 5.44°, rho = 359.55°
Orientación 5: theta = 8.22°, rho = 252.70°
Orientación 6: theta = 12.95°, rho = 74.03°
Orientación 7: theta = 11.63°, rho = 79.43°
Orientación 8: theta = 6.99°, rho = 211.47°
Orientación 9: theta = 6.00°, rho = 241.51°
Orientación 10: theta = 8.55°, rho = 202.52°
Figura "Evolución de Ángulos" guardada
Figura "Orientación 3D" guardada
Figura "Genetic Algorithm" guardada
