
==================================
Iniciando optimización para 10 orientaciones
==================================


Single objective optimization:
20 Variables

Options:
CreationFcn:       @gacreationuniform
CrossoverFcn:      @crossoverscattered
SelectionFcn:      @selectionstochunif
MutationFcn:       @mutationadaptfeasible

                                  Best           Mean      Stall
Generation      Func-count        f(x)           f(x)    Generations
    1              300          0.2018          0.4572        0
    2              450          0.1935          0.3694        0
    3              600          0.1809          0.3024        0
    4              750          0.1792          0.2671        0
    5              900          0.1739          0.2564        0
    6             1050          0.1767          0.2448        1
    7             1200          0.1639          0.2262        0
    8             1350          0.1594          0.2219        0
    9             1500          0.1569          0.2148        0
   10             1650          0.1596          0.2171        1
   11             1800          0.1583          0.2095        0
   12             1950          0.1516          0.1909        0
   13             2100          0.1495          0.1892        0
   14             2250          0.1511          0.1868        1
   15             2400          0.1468          0.1884        0
   16             2550          0.1454          0.1826        0
   17             2700          0.1434          0.1844        0
   18             2850          0.1438          0.1895        1
   19             3000          0.1434          0.1747        0
   20             3150          0.1407          0.1683        0
   21             3300          0.1406          0.1606        0
   22             3450          0.1396          0.1552        0
   23             3600           0.139          0.1487        0
   24             3750          0.1389           0.146        0
   25             3900          0.1356          0.1434        0
   26             4050          0.1355          0.1429        0
   27             4200          0.1374          0.1418        1
   28             4350          0.1366          0.1416        0
   29             4500          0.1359          0.1413        0
   30             4650          0.1351          0.1407        0

                                  Best           Mean      Stall
Generation      Func-count        f(x)           f(x)    Generations
   31             4800          0.1353          0.1406        1
   32             4950          0.1344          0.1401        0
   33             5100           0.135          0.1397        1
   34             5250          0.1348          0.1395        0
   35             5400          0.1351          0.1394        1
   36             5550          0.1353          0.1392        2
   37             5700          0.1334          0.1389        0
   38             5850          0.1342          0.1387        1
   39             6000          0.1341          0.1385        0
   40             6150          0.1336          0.1381        0
   41             6300          0.1343          0.1383        1
   42             6450           0.133          0.1381        0
   43             6600          0.1342          0.1379        1
   44             6750          0.1335          0.1375        0
   45             6900          0.1329          0.1377        0
   46             7050          0.1332          0.1376        1
   47             7200          0.1325          0.1373        0
   48             7350          0.1337          0.1373        1
   49             7500          0.1327          0.1372        0
   50             7650          0.1333          0.1371        1
   51             7800          0.1322          0.1366        0
   52             7950          0.1314          0.1364        0
   53             8100          0.1318          0.1363        1
   54             8250          0.1288          0.1357        0
   55             8400          0.1312          0.1352        1
   56             8550          0.1273          0.1347        0
   57             8700          0.1299           0.134        1
   58             8850          0.1299          0.1337        2
   59             9000          0.1273          0.1335        0
   60             9150          0.1281          0.1331        1

                                  Best           Mean      Stall
Generation      Func-count        f(x)           f(x)    Generations
   61             9300          0.1287          0.1328        2
   62             9450          0.1277          0.1326        0
   63             9600          0.1289          0.1327        1
   64             9750          0.1286          0.1323        0
   65             9900          0.1281          0.1317        0
   66            10050          0.1281          0.1321        1
   67            10200          0.1273          0.1318        0
   68            10350           0.128          0.1318        1
   69            10500           0.128          0.1317        2
   70            10650          0.1279          0.1315        0
   71            10800          0.1278          0.1313        0
   72            10950          0.1271          0.1313        0
   73            11100          0.1279          0.1314        1
   74            11250          0.1257          0.1311        0
   75            11400          0.1267          0.1312        1
   76            11550          0.1274          0.1308        2
   77            11700           0.126          0.1308        0
   78            11850          0.1259          0.1303        0
   79            12000          0.1258          0.1304        0
   80            12150          0.1266          0.1304        1
   81            12300          0.1263          0.1299        0
   82            12450          0.1245          0.1301        0
   83            12600          0.1256            0.13        1
   84            12750          0.1262          0.1299        2
   85            12900          0.1244          0.1296        0
   86            13050          0.1243          0.1293        0
   87            13200           0.126          0.1293        1
   88            13350          0.1257          0.1293        0
   89            13500          0.1255          0.1293        0
   90            13650          0.1243          0.1292        0

                                  Best           Mean      Stall
Generation      Func-count        f(x)           f(x)    Generations
   91            13800          0.1247          0.1292        1
   92            13950          0.1249          0.1291        2
   93            14100          0.1231          0.1291        0
   94            14250          0.1247           0.129        1
   95            14400          0.1254          0.1292        2
   96            14550           0.125           0.129        0
   97            14700          0.1235          0.1286        0
   98            14850          0.1246          0.1286        1
   99            15000          0.1244          0.1284        0
  100            15150          0.1238          0.1283        0
  101            15300          0.1235           0.128        0
  102            15450          0.1231          0.1278        0
  103            15600          0.1232          0.1279        1
  104            15750          0.1231          0.1275        0
  105            15900          0.1226          0.1276        0
  106            16050          0.1228          0.1274        1
  107            16200           0.123          0.1271        2
  108            16350          0.1223          0.1272        0
  109            16500          0.1224          0.1268        1
  110            16650          0.1222          0.1266        0
  111            16800          0.1222          0.1267        0
  112            16950          0.1215          0.1265        0
  113            17100          0.1223          0.1266        1
  114            17250          0.1221          0.1265        0
  115            17400          0.1219          0.1265        0
  116            17550          0.1215          0.1263        0
  117            17700           0.121          0.1262        0
  118            17850          0.1212          0.1259        1
  119            18000          0.1217          0.1257        2
  120            18150          0.1218          0.1256        3

                                  Best           Mean      Stall
Generation      Func-count        f(x)           f(x)    Generations
  121            18300          0.1205          0.1255        0
  122            18450          0.1213          0.1253        1
  123            18600          0.1213           0.125        2
  124            18750          0.1204          0.1248        0
  125            18900          0.1209          0.1248        1
  126            19050          0.1204          0.1246        0
  127            19200          0.1199          0.1244        0
  128            19350            0.12          0.1244        1
  129            19500            0.12          0.1241        0
  130            19650          0.1195          0.1238        0
  131            19800            0.12          0.1239        1
  132            19950          0.1207           0.124        2
  133            20100          0.1198           0.124        0
  134            20250          0.1194          0.1238        0
  135            20400            0.12          0.1236        1
  136            20550          0.1188          0.1234        0
  137            20700          0.1193          0.1232        1
  138            20850          0.1199          0.1232        2
  139            21000          0.1186           0.123        0
  140            21150          0.1197           0.123        1
  141            21300          0.1195           0.123        0
  142            21450           0.119           0.123        0
  143            21600           0.119           0.123        1
  144            21750          0.1182          0.1226        0
  145            21900          0.1189          0.1226        1
  146            22050          0.1178          0.1227        0
  147            22200          0.1191          0.1226        1
  148            22350          0.1184          0.1227        0
  149            22500          0.1184          0.1222        1
  150            22650          0.1189          0.1224        2

                                  Best           Mean      Stall
Generation      Func-count        f(x)           f(x)    Generations
  151            22800          0.1191          0.1225        3
  152            22950          0.1187          0.1225        0
  153            23100          0.1184          0.1225        0
  154            23250          0.1178          0.1222        0
  155            23400          0.1171          0.1224        0
  156            23550          0.1186          0.1224        1
  157            23700          0.1161          0.1221        0
  158            23850          0.1184          0.1222        1
  159            24000          0.1182          0.1222        0
  160            24150          0.1178          0.1221        0
  161            24300          0.1171          0.1223        0
  162            24450          0.1185          0.1222        1
  163            24600          0.1185          0.1223        2
  164            24750          0.1184          0.1219        0
  165            24900          0.1181          0.1222        0
  166            25050          0.1175          0.1221        0
  167            25200          0.1178          0.1219        1
  168            25350           0.117          0.1217        0
  169            25500           0.117          0.1218        1
  170            25650          0.1174          0.1219        2
  171            25800          0.1176          0.1217        3
  172            25950           0.117          0.1215        0
  173            26100          0.1155          0.1215        0
  174            26250          0.1171          0.1213        1
  175            26400          0.1176          0.1213        2
  176            26550          0.1174          0.1214        0
  177            26700          0.1161          0.1211        0
  178            26850          0.1162          0.1211        1
  179            27000           0.116           0.121        0
  180            27150          0.1169          0.1209        1

                                  Best           Mean      Stall
Generation      Func-count        f(x)           f(x)    Generations
  181            27300          0.1163          0.1207        0
  182            27450           0.117           0.121        1
  183            27600          0.1156           0.121        0
  184            27750           0.117          0.1208        1
  185            27900          0.1169          0.1207        0
  186            28050           0.116          0.1205        0
  187            28200          0.1167          0.1205        1
  188            28350          0.1174          0.1207        2
  189            28500          0.1167          0.1207        0
  190            28650          0.1162          0.1206        0
  191            28800          0.1166          0.1208        1
  192            28950          0.1157          0.1206        0
  193            29100          0.1171          0.1208        1
  194            29250           0.116          0.1207        0
  195            29400          0.1167          0.1208        1
  196            29550          0.1167          0.1206        2
  197            29700          0.1168          0.1202        3
  198            29850          0.1167          0.1205        0
  199            30000          0.1154          0.1202        0
  200            30150          0.1156          0.1203        1
ga stopped because it exceeded options.MaxGenerations.

Optimización completada para 10 orientaciones
Tiempo de ejecución: 15556.55 segundos
Mejor RMSE encontrado: 0.1156 metros

Orientaciones óptimas:
Orientación 1: theta = 3.46°, rho = 270.42°
Orientación 2: theta = 59.84°, rho = 284.63°
Orientación 3: theta = 59.94°, rho = 113.50°
Orientación 4: theta = 59.98°, rho = 164.23°
Orientación 5: theta = 18.04°, rho = 143.50°
Orientación 6: theta = 16.49°, rho = 145.98°
Orientación 7: theta = 48.81°, rho = 300.25°
Orientación 8: theta = 60.00°, rho = 336.01°
Orientación 9: theta = 13.17°, rho = 170.60°
Orientación 10: theta = 55.18°, rho = 114.45°
Figura "Evolución de Ángulos" guardada
Figura "Orientación 3D" guardada
Figura "Genetic Algorithm" guardada
