
==================================
Iniciando optimización para 3 orientaciones
==================================


Single objective optimization:
6 Variables

Options:
CreationFcn:       @gacreationuniform
CrossoverFcn:      @crossoverscattered
SelectionFcn:      @selectionstochunif
MutationFcn:       @mutationadaptfeasible

                                  Best           Mean      Stall
Generation      Func-count        f(x)           f(x)    Generations
    1              300          0.5227           1.863        0
    2              450          0.5059           1.545        0
    3              600          0.4984           2.345        0
    4              750          0.4961          0.8132        0
    5              900          0.4925          0.7503        0
    6             1050          0.4926           1.145        1
    7             1200           0.487            0.61        0
    8             1350           0.484          0.5756        0
    9             1500          0.4857           0.568        1
   10             1650          0.4899          0.5476        2
   11             1800          0.4794          0.5397        0
   12             1950          0.4869          0.5498        1
   13             2100          0.4783          0.5377        0
   14             2250          0.4897           0.519        1
   15             2400          0.4827           0.516        0
   16             2550          0.4831          0.5242        1
   17             2700          0.4889          0.5438        2
   18             2850          0.4829          0.5174        0
   19             3000          0.4738           0.517        0
   20             3150          0.4806          0.5149        1
   21             3300          0.4807          0.5151        2
   22             3450          0.4858          0.5147        3
   23             3600          0.4781          0.5124        0
   24             3750          0.4841          0.5157        1
   25             3900          0.4777          0.5156        0
   26             4050          0.4853          0.5147        1
   27             4200          0.4853          0.5142        2
   28             4350          0.4836          0.5148        0
   29             4500          0.4774          0.5139        0
   30             4650          0.4854          0.5142        1

                                  Best           Mean      Stall
Generation      Func-count        f(x)           f(x)    Generations
   31             4800           0.485          0.5126        0
   32             4950          0.4911          0.5144        1
   33             5100          0.4851          0.5116        0
   34             5250          0.4873          0.5134        1
   35             5400          0.4853          0.5135        0
   36             5550          0.4874          0.5136        1
   37             5700           0.486          0.5122        0
   38             5850          0.4867          0.5125        1
   39             6000          0.4909           0.514        2
   40             6150          0.4827          0.5124        0
   41             6300          0.4794          0.5137        0
   42             6450          0.4865          0.5118        1
   43             6600          0.4743           0.512        0
   44             6750          0.4852          0.5106        1
   45             6900          0.4764          0.5128        0
   46             7050          0.4828          0.5113        1
   47             7200          0.4794          0.5121        0
   48             7350          0.4799          0.5119        1
   49             7500          0.4682          0.5113        0
   50             7650          0.4853          0.5125        1
   51             7800          0.4857          0.5117        2
   52             7950          0.4847          0.5133        0
   53             8100          0.4857          0.5132        1
   54             8250          0.4831          0.5121        0
   55             8400           0.475          0.5119        0
   56             8550          0.4792          0.5129        1
   57             8700          0.4872          0.5121        2
   58             8850           0.488          0.5118        3
   59             9000          0.4805          0.5123        0
   60             9150          0.4874          0.5126        1

                                  Best           Mean      Stall
Generation      Func-count        f(x)           f(x)    Generations
   61             9300          0.4768           0.514        0
   62             9450          0.4856           0.513        1
   63             9600           0.482          0.5123        0
   64             9750          0.4822          0.5138        1
   65             9900          0.4801          0.5107        0
   66            10050           0.487          0.5123        1
   67            10200          0.4789          0.5141        0
   68            10350          0.4833          0.5121        1
   69            10500           0.481          0.5102        0
   70            10650           0.487          0.5127        1
   71            10800          0.4781          0.5103        0
   72            10950          0.4819           0.513        1
   73            11100          0.4832           0.511        2
   74            11250           0.485          0.5112        3
   75            11400          0.4831          0.5128        0
   76            11550          0.4834          0.5144        1
   77            11700           0.482          0.5115        0
   78            11850          0.4801          0.5131        0
   79            12000          0.4903          0.5149        1
   80            12150          0.4764          0.5111        0
   81            12300          0.4805          0.5113        1
   82            12450          0.4791          0.5122        0
   83            12600          0.4795          0.5115        1
   84            12750           0.475          0.5114        0
   85            12900          0.4745          0.5132        0
   86            13050          0.4877          0.5119        1
   87            13200          0.4775          0.5114        0
   88            13350          0.4908          0.5132        1
   89            13500          0.4822          0.5133        0
   90            13650          0.4825          0.5108        1

                                  Best           Mean      Stall
Generation      Func-count        f(x)           f(x)    Generations
   91            13800          0.4794          0.5122        0
ga stopped because the average change in the fitness value is less than options.FunctionTolerance.

Optimización completada para 3 orientaciones
Tiempo de ejecución: 2059.41 segundos
Mejor RMSE encontrado: 0.4794 metros

Orientaciones óptimas:
Orientación 1: theta = 4.12°, rho = 326.51°
Orientación 2: theta = 3.16°, rho = 211.51°
Orientación 3: theta = 2.23°, rho = 49.03°
Figura "Evolución de Ángulos" guardada
Figura "Orientación 3D" guardada
Figura "Genetic Algorithm" guardada
