
============================================================
PEB_B ORIENTATION OPTIMIZATION LOG (Coverage / REAL params)
*** LED 1 PINNED AT NADIR [0,0] (GLS variant) ***
============================================================
Date: 27-Jul-2026 11:55:27
Metric: rms
K = 9 orientations (1 fixed nadir + 8 free)
Testbed: 11789 positions (FOV-filtered=1)
Room: 3x3x2.0 m^3
LED: Pt=0.670 W, Phi_half=36.7 deg, m=3.14
PD: A=7.02e-06 m^2, FOV=60 deg
Noise: sigma2=3.00e-14 W^2, N=1000 samples
Constraint: min pairwise beam separation = 20.0 deg
GA: pop=400, gen=400, parallel=24 workers
============================================================

Starting GA optimization for PEB_B (K=9, LED 1 fixed nadir)...

Single objective optimization:
18 Variables

Options:
CreationFcn:       @gacreationuniform
CrossoverFcn:      @crossoverscattered
SelectionFcn:      @selectionstochunif
MutationFcn:       @mutationadaptfeasible

                                  Best           Mean      Stall
Generation      Func-count        f(x)           f(x)    Generations
    1              800        0.003333           16.87        0
    2             1180        0.003333           14.99        1
    3             1560       2.337e-05           14.11        0
    4             1940       2.337e-05           12.24        1
    5             2320       2.332e-05           10.66        0
    6             2700       2.201e-05           9.488        0
    7             3080       2.189e-05            8.49        0
    8             3460       2.153e-05           7.266        0
    9             3840       2.152e-05           6.086        0
   10             4220        2.14e-05           4.528        0
   11             4600       2.133e-05           3.437        0
   12             4980        2.12e-05           2.367        0
   13             5360       2.108e-05           1.737        0
   14             5740       2.096e-05           1.214        0
   15             6120        2.09e-05          0.7135        0
   16             6500       2.088e-05          0.2784        0
   17             6880       2.084e-05           0.167        0
   18             7260       2.079e-05         0.06592        0
   19             7640       2.071e-05         0.02855        0
   20             8020       2.064e-05       6.542e-05        0
   21             8400       2.064e-05       2.083e-05        0
   22             8780       2.059e-05       2.078e-05        0
   23             9160       2.058e-05       2.074e-05        0
   24             9540       2.057e-05       2.069e-05        0
   25             9920       2.051e-05       2.065e-05        0
   26            10300       2.048e-05       2.062e-05        0
   27            10680       2.045e-05       2.059e-05        0
   28            11060       2.043e-05       2.056e-05        0
   29            11440       2.036e-05       2.052e-05        0
   30            11820       2.036e-05        2.05e-05        0

                                  Best           Mean      Stall
Generation      Func-count        f(x)           f(x)    Generations
   31            12200       2.034e-05       2.047e-05        0
   32            12580       2.031e-05       2.044e-05        0
   33            12960        2.03e-05       2.041e-05        0
   34            13340       2.026e-05       2.038e-05        0
   35            13720       2.023e-05       2.035e-05        0
   36            14100       2.023e-05       2.032e-05        0
   37            14480       2.019e-05       2.029e-05        0
   38            14860       2.019e-05       2.027e-05        0
   39            15240       2.017e-05       2.024e-05        0
   40            15620       2.015e-05       2.022e-05        0
   41            16000       2.012e-05       2.021e-05        0
   42            16380       2.012e-05       2.019e-05        0
   43            16760        2.01e-05       2.017e-05        0
   44            17140       2.007e-05       2.015e-05        0
   45            17520       2.006e-05       2.013e-05        0
   46            17900       2.005e-05       2.012e-05        0
   47            18280       2.005e-05        2.01e-05        0
   48            18660       2.002e-05       2.008e-05        0
   49            19040           2e-05       2.007e-05        0
   50            19420           2e-05       2.005e-05        0
   51            19800       1.999e-05       2.004e-05        0
   52            20180       1.998e-05       2.003e-05        0
   53            20560       1.997e-05       2.001e-05        0
   54            20940       1.996e-05           2e-05        0
   55            21320       1.996e-05       1.999e-05        0
   56            21700       1.995e-05       1.998e-05        0
   57            22080       1.994e-05       1.997e-05        0
   58            22460       1.994e-05       1.997e-05        0
   59            22840       1.993e-05       1.996e-05        0
   60            23220       1.993e-05       1.995e-05        0

                                  Best           Mean      Stall
Generation      Func-count        f(x)           f(x)    Generations
   61            23600       1.992e-05       1.995e-05        0
   62            23980       1.991e-05       1.994e-05        0
   63            24360       1.991e-05       1.994e-05        0
   64            24740       1.991e-05       1.993e-05        0
   65            25120        1.99e-05       1.992e-05        0
   66            25500        1.99e-05       1.992e-05        0
   67            25880       1.989e-05       1.991e-05        0
   68            26260       1.988e-05       1.991e-05        0
   69            26640       1.988e-05       1.991e-05        1
   70            27020       1.988e-05        1.99e-05        0
   71            27400       1.988e-05        1.99e-05        0
   72            27780       1.987e-05       1.989e-05        0
   73            28160       1.987e-05       1.989e-05        0
   74            28540       1.986e-05       1.988e-05        0
   75            28920       1.986e-05       1.988e-05        0
   76            29300       1.985e-05       1.988e-05        0
   77            29680       1.984e-05       1.987e-05        0
   78            30060       1.984e-05       1.987e-05        1
   79            30440       1.984e-05       1.986e-05        0
   80            30820       1.984e-05       1.985e-05        0
   81            31200       1.983e-05       1.985e-05        0
   82            31580       1.983e-05       1.985e-05        0
   83            31960       1.982e-05       1.985e-05        0
   84            32340       1.982e-05       1.984e-05        0
   85            32720       1.982e-05       1.984e-05        0
   86            33100       1.981e-05       1.983e-05        0
   87            33480       1.981e-05       1.983e-05        0
   88            33860        1.98e-05       1.983e-05        0
   89            34240        1.98e-05       1.982e-05        0
   90            34620        1.98e-05       1.982e-05        0

                                  Best           Mean      Stall
Generation      Func-count        f(x)           f(x)    Generations
   91            35000       1.979e-05       1.981e-05        0
   92            35380       1.979e-05       1.981e-05        0
   93            35760       1.978e-05        1.98e-05        0
   94            36140       1.978e-05        1.98e-05        0
   95            36520       1.977e-05        1.98e-05        0
   96            36900       1.977e-05       1.979e-05        1
   97            37280       1.977e-05         0.02553        0
   98            37660       1.977e-05         0.02553        0
   99            38040       1.977e-05          0.1326        0
  100            38420       1.976e-05          0.1606        0
  101            38800       1.976e-05          0.2408        0
  102            39180       1.976e-05          0.1338        0
  103            39560       1.976e-05          0.1873        0
  104            39940       1.976e-05          0.2408        0
  105            40320       1.976e-05          0.1338        0
  106            40700       1.976e-05          0.1338        0
  107            41080       1.975e-05          0.1338        0
  108            41460       1.975e-05          0.1071        0
  109            41840       1.975e-05          0.2141        0
  110            42220       1.974e-05         0.05354        0
  111            42600       1.974e-05          0.1071        1
  112            42980       1.974e-05          0.1046        0
  113            43360       1.974e-05          0.1873        0
  114            43740       1.974e-05          0.2141        0
  115            44120       1.974e-05         0.08029        1
  116            44500       1.974e-05         0.07904        0
  117            44880       1.973e-05          0.1326        0
  118            45260       1.973e-05         0.07904        0
  119            45640       1.973e-05          0.1326        0
  120            46020       1.973e-05          0.2128        0

                                  Best           Mean      Stall
Generation      Func-count        f(x)           f(x)    Generations
  121            46400       1.973e-05          0.1338        1
  122            46780       1.973e-05          0.1313        0
  123            47160       1.973e-05          0.2128        0
  124            47540       1.973e-05          0.1861        0
  125            47920       1.972e-05          0.2141        0
  126            48300       1.972e-05          0.1338        0
  127            48680       1.972e-05          0.1071        0
  128            49060       1.972e-05          0.1873        0
  129            49440       1.972e-05          0.2141        0
  130            49820       1.972e-05          0.2408        0
  131            50200       1.971e-05          0.1606        0
  132            50580       1.971e-05          0.2141        0
  133            50960       1.971e-05          0.1606        1
  134            51340       1.971e-05          0.2103        0
  135            51720       1.971e-05          0.1301        0
  136            52100       1.971e-05          0.1058        0
  137            52480       1.971e-05         0.05354        1
  138            52860       1.971e-05         0.07779        0
  139            53240       1.971e-05         0.05354        0
  140            53620       1.971e-05         0.08029        0
  141            54000       1.971e-05          0.1071        0
  142            54380       1.971e-05          0.1071        0
  143            54760        1.97e-05         0.08029        0
  144            55140        1.97e-05          0.1071        0
  145            55520        1.97e-05          0.1338        0
  146            55900        1.97e-05          0.1071        0
  147            56280        1.97e-05         0.08029        0
  148            56660        1.97e-05          0.1338        0
  149            57040        1.97e-05          0.1338        0
  150            57420       1.969e-05          0.1606        0

                                  Best           Mean      Stall
Generation      Func-count        f(x)           f(x)    Generations
  151            57800       1.969e-05          0.1071        0
  152            58180       1.969e-05         0.02678        0
  153            58560       1.969e-05          0.1071        0
  154            58940       1.969e-05          0.1338        0
  155            59320       1.969e-05         0.05354        0
  156            59700       1.969e-05          0.1338        0
  157            60080       1.969e-05          0.2944        0
  158            60460       1.969e-05          0.1873        0
  159            60840       1.968e-05          0.1606        0
  160            61220       1.968e-05          0.1071        1
  161            61600       1.968e-05          0.2078        0
  162            61980       1.968e-05          0.1326        0
  163            62360       1.968e-05          0.1338        0
  164            62740       1.968e-05          0.1071        0
  165            63120       1.968e-05          0.1606        0
  166            63500       1.968e-05          0.1338        1
  167            63880       1.968e-05          0.1848        2
  168            64260       1.968e-05         0.05229        0
  169            64640       1.968e-05         0.07654        0
  170            65020       1.967e-05         0.02678        0
  171            65400       1.967e-05         0.08029        0
  172            65780       1.967e-05          0.1083        0
  173            66160       1.967e-05          0.1624        0
  174            66540       1.967e-05          0.1351        0
  175            66920       1.967e-05          0.1089        0
  176            67300       1.967e-05          0.1357        0
  177            67680       1.967e-05          0.1089        0
  178            68060       1.967e-05         0.05479        0
  179            68440       1.967e-05          0.2185        0
ga stopped because the average change in the fitness value is less than options.FunctionTolerance.

=== PEB_B Optimization Complete ===
Final best PEB_B: 0.000020 m
Total generations: 179

Optimal LED orientations (PEB_B-optimized):
LED 1: θ = 0.00°, ρ = 0.00°
LED 2: θ = 26.30°, ρ = 90.68°
LED 3: θ = 65.49°, ρ = 239.51°
LED 4: θ = 55.04°, ρ = 359.58°
LED 5: θ = 65.35°, ρ = 300.27°
LED 6: θ = 20.05°, ρ = 270.24°
LED 7: θ = 67.37°, ρ = 57.22°
LED 8: θ = 67.63°, ρ = 122.68°
LED 9: θ = 54.91°, ρ = 180.78°

--------------------------------------------------
PEB_B OPTIMIZATION RESULTS FOR K = 9 (LED 1 fixed nadir)
--------------------------------------------------
Execution time: 1348.58 seconds (22.5 min)
Best objective (lexicographic cov+acc): 0.000020
Exit flag: 1
Coverage (PEB_B<=10.0 cm): 100.0% | among covered: RMS=2.32 cm, median=1.74 cm, mean=1.96 cm, P90=3.63 cm

Optimal LED orientations (PEB_B-optimized, LED 1 = nadir):
  LED 1: theta =   0.00 deg, rho =   0.00 deg -> n_t = [ 0.000,  0.000, -1.000]  (FIXED nadir)
  LED 2: theta =  26.30 deg, rho =  90.68 deg -> n_t = [-0.005,  0.443, -0.896]
  LED 3: theta =  65.49 deg, rho = 239.51 deg -> n_t = [-0.462, -0.784, -0.415]
  LED 4: theta =  55.04 deg, rho = 359.58 deg -> n_t = [ 0.819, -0.006, -0.573]
  LED 5: theta =  65.35 deg, rho = 300.27 deg -> n_t = [ 0.458, -0.785, -0.417]
  LED 6: theta =  20.05 deg, rho = 270.24 deg -> n_t = [ 0.001, -0.343, -0.939]
  LED 7: theta =  67.37 deg, rho =  57.22 deg -> n_t = [ 0.500,  0.776, -0.385]
  LED 8: theta =  67.63 deg, rho = 122.68 deg -> n_t = [-0.499,  0.778, -0.381]
  LED 9: theta =  54.91 deg, rho = 180.78 deg -> n_t = [-0.818, -0.011, -0.575]

Orientation vector (copy-paste ready):
orientations_fixedNadir_K9 = [0.00,0.00,26.30,90.68,65.49,239.51,55.04,359.58,65.35,300.27,20.05,270.24,67.37,57.22,67.63,122.68,54.91,180.78];

Optimization completed at: 27-Jul-2026 12:17:56
